
        1011        5650          55         103          56           6
        1012        6346          15         115          12           2
        1013        7741          26         141          46          30
        1014         296          91           5          22          20
        1015        9246          46         168          56          10
        1016        7854          84         143          45          19
        1017        9483          54         172          32          15
        1018        7491          12         136          10          49
        1019         673          76          12          25           7
        1020         501          97           9          13          19
        1021        1480          58          27          25           5
        1022          51          39           1          51          14
        1023        6875          74         125          52          35
        1024        6439          68         117          42          44
        1025        9338          44         170          20          46
        1026        9540           7         173          20           1
        1027        3961          61          72           8          20
        1028         755          62          14          19           4
        1029        7512          75         137          13          15
        1030        1618           4          29          32          33
        1031        9876          90         180           9           4
        1032        3526          85          64          41           8
        1033        1979          94          36          15           2
        1034        6488          39         118          41           3
        1035        9310          25         169          39          12
        1036        9445          33         172          54          13
        1037        8423          65         153          37          15
        1038        6532          98         119          41          17
        1039        7403          30         135          27          37
        1040        5407          81          98           9          10
        1041        7643          30         139          29          31
        1042        4242          19          77           4           5
        1043        4384          39          80          15          31
        1044        6474          62         118           2          12
        1045        7131          73         130          52          26
        1046        1916          77          35          36          46
        1047        4919          35          89          47          16
        1048        9762          38         177           5           1
        1049        5292          10          96          53          35
        1050        4580          27          83          48           3
        1051        5553          59         101          18          18
        1052        9937          62         181          47          29
        1053         542           6          10          25          34
        1054        6733          36         122          28           8
        1055        1119          57          20          22          18
        1056         954          98          17          25          38
        1057        7453          87         136          47          26
        1058        2562          88          47          49           1
        1059         600          69          11          15           1
        1060        5917           4         108           6          18
        1061          79          46           1           7          35
        1062        6676          56         121          33          23
        1063        3708           4          67          50          47
        1064        9100          76         165          17          16
        1065        4708          57          86          35          12
        1066        5764          37         105          16          48
        1067        6479          39         118           7          15
        1068         414          38           8          42          38
        1069        1005          92          18          40           6
        1070        7588          75         138          47          29
        1071        5679          82         103          56           2
        1072        1619          83          29           1          32
        1073        8531          37         155          42          19
        1074        9310          47         169          30           2
        1075        2217          81          40           6          22
        1076        6765          46         123           1          34
        1077        2272          22          41           5          26
        1078        5941           7         108          11          20
        1079        1678          88          31          53          21
        1080        1308          51          24          46          29
        1081        6804          47         124          41          14
        1082         285          50           5          11          47
        1083        7631          61         139          22          45
        1084        5359          75          97          24          17
        1085        7469          81         136          23          38
        1086        5078          39          92          22          43
        1087        7304          77         133          28          20
        1088        8742          25         159           1           5
        1089        8084          98         147          29          21
        1090        6961          22         127           4          23
        1091        3842          24          70          44          47
        1092         949          78          17          11           0
        1093        4101          14          75          31          27
        1094        6934          88         126           1          34
        1095        9864          99         179          26          17
        1096        9829          49         179          18          19
        1097         180          50           3           7          15
        1098        2561           0          47          45          32
        1099        3980          50          72          36           7
        1100        2834          84          52          50           3
        1101        4932          83          90          53          39
        1102        9788          57         178           4           4
        1103        9768          45         178          52          45
        1104        9614          78         175          55          33
        1105        7142          14         130           5           5
        1106        3692          97          67          21          46
        1107         960          12          17          28          45
        1108        1348          14          25          19          22
        1109          84          41           2          10          43
        1110        5489          86         100           3          25
        1111        1458          44          27          26          16
        1112        9255          72         168          37          46
        1113        7303          52         133          38          36
        1114        8710          87         158          13          15
        1115        4099          19          75          11           7
        1116        8552          93         155          45           8
        1117        7292          19         133          27          42
        1118        1318          61          24          37          37
        1119        2567          55          47          54          47
        1120        6055          81         110          18          13
        1121        4287          75          78          27          48
        1122        8487          32         154          10          42
        1123        8604          11         156          44           7
        1124        6071          79         110          12           2
        1125        8034           4         146          43          17
        1126        4161          19          76          55           7
        1127        4694          85          85          14          21
        1128        9942          93         181           2          27
        1129          15          72           0          36          18
        1130        2942           6          53          41          44
        1131        7260          59         132          55          18
        1132         913          49          17          10          13
        1133          17          76           0          44           1
        1134        1237           8          22           5          29
        1135        4961          49          90          38          41
        1136         171          84           3          45          14
        1137        7006          91         127          55          13
        1138        1544          37          28          13           1
        1139        1811          24          33          58          32
        1140        1178          82          21          42          35
        1141        5572          38         101          20           4
        1142        2122           9          39          44           3
        1143        5858          28         107          30          48
        1144        6842          40         124           6          20
        1145        5477          23         100           0          27
        1146        8799          38         160          48           7
        1147        6003          84         109          19          20
        1148        4145          58          75           7           5
        1149        1436          44          26          27          34
        1150        3593          31          65           2          46
        1151         746          95          14          13           4
        1152        7285          75         132          52          30
        1153        4817          32          88          27          22
        1154        5896          73         107          58          41
        1155        2795          83          51          31           0
        1156        7570          85         138          13          22
        1157        8875           9         161          29          11
        1158        1107          45          20           2          11
        1159        4914          34          89          34          11
        1160        8901          57         162          48           8
        1161        3140          58          57           7          33
        1162        1806          18          33          47           3
        1163        5833          70         106          52          14
        1164        8599          41         156          58          30
        1165        9601           4         175          10           5
        1166        1863          88          34          36          37
        1167        5449          20          99          44           8
        1168        8616          83         157          43          35
        1169        5231          91          95          16           5
        1170        3544          12          64          35          18
        1171        5751          62         105          42          27
        1172        4495          35          82           3          22
        1173        2209          72          40          43          13
        1174          39          79           1          57          30
        1175        3594          96          65          51          21
        1176        1533          65          28           9          16
        1177        1488          16          27          15          24
        1178        4281          89          78          17          15
        1179        5648          77         103          53          18
        1180        3059          60          56          28          12
        1181        8724          53         159          42          20
        1182        7220          70         131          17           4
        1183        6192          47         113          55          16
        1184        6936          46         126          15          23
        1185        6119          45         111           5          48
        1186        1987           9          36          31           8
        1187          48          55           1          37          19
        1188        5675           8         103          29           4
        1189        2520          17          46           2          43
        1190         577          47          10          35          18
        1191        4463          80          81          47          15
        1192        2469          39          45          10          37
        1193         606           9          11          55          29
        1194        8580          38         156          21          14
        1195         856          65          16          54          27
        1196        6700          93         122          33          45
        1197        9275          29         169          55          40
        1198        5252          82          95          40          43
        1199        5677          68         103           2          37
        1200        1754          56          32          31          15
        1201        7001          95         127          32          13
        1202         211          76           4           0          13
        1203        5501          14         100          26           7
        1204        8756          55         159          34          26
        1205        8596          51         156          43          42
        1206        1143          43          21          17          43
        1207         670          61          12          20          13
        1208        5701          13         104           8          46
        1209        3356          20          61           4          45
        1210        9569          36         174           6          44
        1211        3836          16          70          37           2
        1212         668          54          12          53           8
        1213        1246           1          23          44          35
        1214        8544          25         155          36           2
        1215        1128          35          21          27           4
        1216        6820          53         124          30          46
        1217        1317          65          24          49          17
        1218         681           1          12           0          14
        1219        2177          30          40          35          28
        1220        2180          39          40          20          37
        1221        3690          42          67          33          29
        1222         287           9           5          29          45
        1223        2476          65          45           4           1
        1224        5201          65          95          23          19
        1225        3696          75          67          35          12
        1226        9253          38         168          22          16
        1227        9038          47         164          29          39
        1228        1351          20          25          11           0
        1229        8578           1         156           1          41
        1230        7700          86         140          54           1
        1231        1898          69          35          57          28
        1232        5624          94         102          40          16
        1233        3401          93          62          18           2
        1234        5678          65         103          43          47
        1235        3061          76          56          16          44
        1236        6706          29         122          19          35
        1237        1842          44          33          21          10
        1238        5335          83          97          27          31
        1239        1970         100          36           0          30
        1240        8245          41         150          52          25
        1241        9617          61         175          39          45
        1242        4487          63          82          12          27
        1243        1036          29          19          32           9
        1244        2761          23          50          32          27
        1245        6205           0         113          11          23
        1246         182          47           3           4          12
        1247        5812          15         106          24          44
        1248        8544          54         155          27           7
        1249        4889          57          89          20          20
        1250        1768          83          32          39           9
        1251        6111          71         111           2          26
        1252        2591          51          47          56          40
        1253        8588          90         156          17          43
        1254        2552          19          46          11          42
        1255        4446          39          81          48          10
        1256        8978          46         163           9          13
        1257        5207          77          95          22           2
        1258        9868          52         179          49          44
        1259        6856          52         125          26          19
        1260         318          22           6           5          39
        1261        4018           5          73          18          43
        1262        9314          43         169          50          24
        1263        9083          25         165          31          12
        1264        8384          53         152          20          13
        1265        1688          60          31          47          42
        1266        8448          24         154          29          33
        1267         907          54          16          17          19
        1268        5339          43          97          13           1
        1269         260          27           5          40          16
        1270        7505          80         136           3           0
        1271        7281          66         132          34          45
        1272        1673          97          30          13           2
        1273        2290          71          42          20          35
        1274        5887          11         107          38          36
        1275        8634           2         157           9          26
        1276        2266          84          41          25          15
        1277        5772          34         105          50          14
        1278        4410          77          80          22          12
        1279        3939          20          72          26          30
        1280        2319          87          42          42          16
        1281        8118          46         148          39          14
        1282        7305          73         133          41          10
        1283        1712          53          31          41           0
        1284        1910          74          35          58          10
        1285        2329          34          42           8          16
        1286        5661          46         103          52           6
        1287        1062          39          19          40          44
        1288         462          29           8          55          37
        1289         558           3          10          54          18
        1290         158          50           3          55          46
        1291         537          91          10          29           9
        1292        6188          88         113          24          46
        1293        5304          84          96          44          32
        1294        9293          70         169          13          34
        1295        2380          54          43          22          31
        1296        9876          78         180          42          41
        1297        2619          46          48          21          30
        1298        3094          63          56          45          44
        1299        6788          21         123          11          20
        1300        7670          79         139          35           8
        1301        1876          86          34          30          23
        1302          53          76           1          30          22
        1303        9745          35         177          11          23
        1304        8889          56         162          14          13
        1305        5634          79         102           1          36
        1306        4011          71          73          37          32
        1307        9587          52         174           1          41
        1308        6265          61         114          41          26
        1309         611          56          11           4          37
        1310         354          96           6          22          49
        1311        7587           8         138          30          42
        1312        6593           7         120          54           2
        1313        9907          70         180          50           8
        1314        6905          85         126          13           6
        1315         512          64           9           5          38
        1316        5571           9         101          42          21
        1317        6708          81         122          52          33
        1318        8290          97         151          43          28
        1319        9525          21         173          12          48
        1320        5164          24          94          22          10
        1321        2984          69          54          36           5
        1322        2860          60          52          50          40
        1323        3749          48          68          45          11
        1324        1552          25          28          57          26
        1325        6646          67         121          36           3
        1326        4609          35          84          35          30
        1327        3042          84          55          10           0
        1328        2170          53          39          20           8
        1329        6118          28         111          18          25
        1330        5287           1          96           7           7
        1331        7621          21         139          29          11
        1332        6621          64         120          49          43
        1333        9468          81         172           4          15
        1334        1052          70          19          26          17
        1335        8054           6         146          11          14
        1336        7531          41         137          18          21
        1337        3504          46          64          24          46
        1338        9479          46         172          21          16
        1339        4884          85          89           4          26
        1340        3288          34          60          42          41
        1341        7078          16         129          57          27
        1342        4722          40          86           5          14
        1343        3670          80          67           1          11
        1344        6871           4         125          46          32
        1345        7551          52         137          57           9
        1346        4370          63          79          39          45
        1347        9076           6         165          37          24
        1348        2875          72          52          29          33
        1349        8024          68         146           7          47
        1350        3356          32          61          39           7
        1351        2780          66          51          31          14
        1352        9762          57         177          42          43
        1353        6621          52         120          15          33
        1354        8591          47         156          53           3
        1355        4876          92          89          28          24
        1356        2741           9          50          39           6
        1357        1088          44          20          32          47
        1358        5715           8         104          21           1
        1359        4639          96          84          57           7
        1360        2728          97          50          45          30
        1361        8424          68         153          54          48
        1362         581           3          11          41          31
        1363        4679          56          85           5          40
        1364        3747          91          68          49          29
        1365         959          24          17           1           8
        1366        8804          12         160          50          42
        1367        8955           1         163          46           9
        1368         323          16           6          32          38
        1369        7795          35         142          41          16
        1370        6161          46         112          13          21
        1371        6394          83         116          41           9
        1372        5799          78         105          44          12
        1373        3438          73          63          17          22
        1374        8398          98         153          36           9
        1375         641          69          12          13          33
        1376        8442          74         153          52          12
        1377        8836           5         161          29          28
        1378        9489          63         173          27           6
        1379        2797          77          51          44           1
        1380        8485          90         154          39           2
        1381        4954          69          90           2          12
        1382        3164          17          58          27          45
        1383         490          28           9          47          44
        1384        7903           2         144           5          45
        1385        5141           4          93          46          36
        1386         954          79          17          41          19
        1387        9061          13         165          27          26
        1388        6140           5         112           1           5
        1389        5553          61         101          45          47
        1390        1943          47          35          53          20
        1391        2980          26          54          48          34
        1392          62          64           1          47          32
        1393        3349          96          61          31          28
        1394        1159          51          21          47          31
        1395        1301          53          24          55           4
        1396        4367          78          79           9          34
        1397        4347          82          79          32          39
        1398        2679          53          49          38           9
        1399        1981          16          36          57          12
        1400        3726          48          68          18          35
        1401        4709          63          86          12          19
        1402        1711          58          31          16           5
        1403        2606          84          47          44          18
        1404        5996          34         109          25          13
        1405        4321           4          79           5          17
        1406        2084          74          38          29           3
        1407        3902          26          71          44          43
        1408        8688          21         158          26           1
        1409        7765          40         141          36          48
        1410        3790          70          69          26          22
        1411        2438          17          44          37           1
        1412         109          41           2          19          17
        1413        2442          41          44           3          46
        1414         371          53           7          30           4
        1415        2317          38          42          25          38
        1416        8530          95         155           7           9
        1417        1091          45          20          12          14
        1418        3402          61          62          38          48
        1419        4237          84          77          11          19
        1420        5621          96         102           3           3
        1421        9083          69         165          50          38
        1422        9580          38         174          24          13
        1423        4975           1          90          51          16
        1424        1940          28          35          55          31
        1425        2791          31          51          26          44
        1426        3253          37          59          45          32
        1427          60           9           1          14          13
        1428        1125          49          20          27          26
        1429        9343           6         170           5          39
        1430        5093          39          93           7          32
        1431        2609          52          47           2          47
        1432        9323          52         170          36          41
        1433        8754           5         159           4          10
        1434        5416          55          98          15          10
        1435        7362          41         134          30          35
        1436        9915          16         180          28          23
        1437        4239          49          77          58           4
        1438         138          99           3          55          38
        1439         743          42          14          21          48
        1440        9390           2         171          27          44
        1441        1437          25          26           8          34
        1442        3300          10          60          13          42
        1443        7881          19         143          23          13
        1444        5988          67         109           4          19
        1445        2316          95          42          21          14
        1446         959          64          17          29          13
        1447        7329          95         133          56          41
        1448        1899          78          35          27           6
        1449        3831           7          70          53          48
        1450        6981          25         127          39           4
        1451        9684          66         176           7           4
        1452         359          57           7          49          38
        1453        9996          61         182          21           1
        1454        2354          68          43          25           8
        1455        5427          59          99          47          23
        1456        9185          86         167          30          26
        1457        6796          68         124          11          23
        1458        6170          93         112          10          42
        1459        2743          57          50           7          25
        1460         808          37          15          39           1
        1461        6518          89         119          26          42
        1462        7505          45         136          35          34
        1463        2335          45          42           3          30
        1464         171          62           3          11          25
        1465        4798          71          87          40          36
        1466        4410          33          80          32          42
        1467        9144          63         166          30          26
        1468        1610          14          29          35          30
        1469        6443           6         117           4          30
        1470        4083          44          74           5          20
        1471        1129         100          21          41          23
        1472        1205          75          22          56          42
        1473        8798          17         160          17          42
        1474        4626         100          84          16          18
        1475        7400          55         135          33           4
        1476         832          20          15          52          33
        1477        6073           5         110          29          15
        1478        2405          78          44          52           3
        1479        5566          15         101          57          26
        1480        5365          71          98          47          43
        1481        6217           1         113          13           3
        1482        5145          89          94          34          31
        1483        1443          75          26          16          43
        1484        8021          49         146          56          26
        1485        2176          20          40           1          17
        1486        8353          27         152          38           8
        1487        2946          37          54          38          28
        1488        5122           6          93          45           1
        1489        6804          89         124          22          31
        1490        6927          78         126          37          34
        1491        8026          38         146           3           5
        1492        5405          85          98          31          45
        1493         897          86          16          50          43
        1494         744          34          14          13          41
        1495        1341          88          24          11          41
        1496        2080          67          38          13           3
        1497        4291          30          78          34          12
        1498        7401          22         135           0           0
        1499        9257           4         168          31           9
        1500        1637          70          30          39          38
        1501        5221          80          95          34          25
        1502        3889          58          71          29          27
        1503        8546          69         155           3          44
        1504        2543          56          46          36          40
        1505        5485           3         100          49          47
        1506        8312          40         151          29          32
        1507        6961          78         127          51          11
        1508        8004          75         146          57           5
        1509        7169          67         130          10          17
        1510        3898          59          71          11           8
        1511        9179          35         167           4          10
        1512        5035          39          92          53          12
        1513        2329           2          42          26          34
        1514        7059          46         128           6          32
        1515        6274          15         114          12          32
        1516        3294          28          60          24          42
        1517        3045          76          55          32          38
        1518        7871          94         143           7          42
        1519        8497          30         154          14          23
        1520        1911          91          35          18           5
        1521        4393          54          80           3          27
        1522        5914          28         108          24          24
        1523        6132          84         111          52          24
        1524        2507          15          46          36          42
        1525        8907          16         162          35          41
        1526        8101          80         147          51          20
        1527        8379          63         152          12          18
        1528        7088           3         129          16          30
        1529        1033          37          19          29          16
        1530        8955          70         163           7          49
        1531        9439          79         172          36          47
        1532        1111          88          20          45          34
        1533        7192          61         131           8          28
        1534        3463          68          63          20          16
        1535        2145          37          39          26          23
        1536        2647          89          48           3          22
        1537        8955          91         163           9          29
        1538        4469          97          81          45          47
        1539        2370           6          43          13          38
        1540        9648          22         175          51          46
        1541        1872          62          34          50          15
        1542        1720          72          31          34          22
        1543        4538          12          83           0          44
        1544        1588          85          29          28          15
        1545        1267          67          23          53          17
        1546        2041          57          37          31          18
        1547         862          42          16          37           6
        1548        6835          83         124          50          29
        1549        8032          73         146          41          46
        1550        1889          90          34          54          36
        1551        3741          70          68          11          46
        1552        2276          60          41           2          38
        1553        2990          35          54           9          22
        1554        8489          90         154          25          13
        1555        7051          68         128          45          19
        1556         251          96           5          27          43
        1557        8675          86         158          22          18
        1558        6155          66         112          17           5
        1559         211          15           4          19           2
        1560        7327          44         133          23           5
        1561        8295          93         151          48           6
        1562        1702          79          31          22          44
        1563        6284          25         114          47          27
        1564        2026          86          37          13          29
        1565        2464          90          45          37           7
        1566        2339          79          43          51          27
        1567        8978          95         163          17          24
        1568        3937          95          72          54          36
        1569        3503          34          64          46          39
        1570        3516          33          64          24          27
        1571        7014          83         128          27           9
        1572        9737          25         177          27           2
        1573        1336           8          24          46           9
        1574        3260          30          59           6          46
        1575        2065          43          38           3          33
        1576        1107          43          20          48           5
        1577        7844          40         143          37          30
        1578         145          59           3          24           2
        1579        6593          78         120          10          45
        1580        3265          28          59          41          46
        1581        8302          46         151          24          48
        1582        2789          30          51          25          22
        1583        4793          19          87          29          43
        1584        1892           1          34          13          27
        1585        5291          75          96          37          33
        1586        7119          48         129          16           6
        1587        5357          55          97          48          34
        1588        7081          18         129          19           8
        1589        7419          57         135          43          14
        1590         940          58          17           5          38
        1591        7115           2         129          12          33
        1592        4531          49          82          20          30
        1593        4569          29          83          49          17
        1594        9702          40         176          30          25
        1595        5726          89         104          22          47
        1596        3533          18          64          33          34
        1597        5196          71          94          53          43
        1598        2676          92          49          11          12
        1599        5384          13          98          13          13
        1600        3174          13          58          10          13
        1601        3452          20          63           4          43
        1602        1519          79          28          55          17
        1603         589          92          11          45          12
        1604        5317           7          97          49          37
        1605        1764          83          32           2           1
        1606        7149          92         130          32          41
        1607        3568          31          65          39           3
        1608        3268          88          59          24          25
        1609        3572          99          65          27          46
        1610        1002          32          18          23          41
        1611        1603          23          29          10          28
        1612        1529          67          28          52          33
        1613        6579          41         120          38          20
        1614        5855          81         106          40          47
        1615        2901           2          53          24          42
        1616        9828          82         179          11           2
        1617        6059          73         110           3          39
        1618        3953           6          72          36           8
        1619        3293          27          60          31          42
        1620        4322          58          79           8          28
        1621        6712          84         122          37          10
        1622        9067          41         165          52          28
        1623         167          54           3          49          11
        1624        6370          71         116          19           2
        1625        4593          87          84          45          17
        1626        7482          62         136          42          33
        1627        4852          57          88          46          22
        1628        2760          73          50          23          19
        1629        6059           2         110          40          23
        1630        7691          33         140           9          29
        1631        2466          10          45          24          40
        1632        1640          21          30           6          38
        1633        9847          44         179           8          12
        1634        8664           7         158           3          13
        1635        4470          68          81          15          34
        1636        5555           4         101          10          29
        1637        5094         100          93          57          37
        1638        2342          74          43          39          30
        1639        8555          55         156          52           1
        1640        5859          28         107          43          11
        1641         510          28           9           8          22
        1642        2230          55          41           4           5
        1643        3243          63          59          44          22
        1644        2314          57          42          12          13
        1645        1759          78          32           5          27
        1646        7321          65         133          38          34
        1647        1108          36          20          35          17
        1648        8121          12         148          24          39
        1649        8767          35         159          47           6
        1650        3480          46          63          26          19
        1651         622          42          11          57          40
        1652        5497          81         100          26          29
        1653        9988          73         182          27          30
        1654        1291          90          23          10          11
        1655        6283          49         114          27           5
        1656         881          91          16          23           1
        1657        4669          86          85          50          25
        1658        4879          24          89          56           7
        1659        1217          31          22          51          14
        1660        6013          27         109          53          30
        1661        1622          92          29           6           7
        1662        6396          27         116           1          42
        1663        3082          91          56          27          16
        1664        9913          81         180          17          43
        1665        3169          96          58          54          24
        1666        4918          99          89          23          46
        1667         914          38          17          42          37
        1668        1734          36          32          38          31
        1669        7247          67         132           2          15
        1670        4874          34          89           4          16
        1671        1225          14          22          22          37
        1672        8645          86         157           8          42
        1673        5943          59         108          53           3
        1674        7047          50         128          21          49
        1675        9550          51         174          39           0
        1676        4930          53          90          18          42
        1677         662          53          12           0          32
        1678        5388          45          98          45           8
        1679        1546          81          28          57          14
        1680        6573          81         120          48          15
        1681         742          62          13           8          40
        1682        9779          90         178          11          45
        1683        1366           4          25          39           6
        1684        2193          66          40          19          25
        1685        5344          46          97          30          28
        1686        3842          86          70          21          42
        1687        4201          23          76          42           5
        1688        1532          91          28          33          33
        1689         782          35          14          20           6
        1690        4924          43          90          13          10
        1691        2571           9          47          16          10
        1692        4175           2          76          11          13
        1693        5966          12         108           9          21
        1694         441          48           8          55          44
        1695        9112          22         166          36           1
        1696        7839           1         143          44          16
        1697        1045          91          19          45           6
        1698        9597          34         174          35          28
        1699        9860          99         179          27          18
        1700         318          72           6          15          20
        1701        8257          57         150          33          15
        1702        2895          27          53          41          12
        1703        5600          33         102          16          13
        1704        5025          57          91           7           2
        1705        8132          20         148          42          34
        1706        1639          85          30          28          35
        1707        2971          23          54          52          30
        1708        2323          60          42           8           3
        1709        2060          23          37          37          11
        1710        6691          66         122          18          28
        1711        6535          67         119          29           2
        1712        7633          79         139          48          19
        1713        3536          33          64          41          19
        1714         311          46           6          16          16
        1715         522          54           9          22          49
        1716        5296          89          96          47          16
        1717        2662          28          48          44          48
        1718        6425          85         117          50          27
        1719        2531          38          46          32           2
        1720        3347          80          61          29          13
        1721        2847          82          52          34          19
        1722        1109         100          20           0          12
        1723        6704          62         122          24          31
        1724         393          45           7          19          39
        1725        8556          92         156          17          44
        1726         953          39          17          39           8
        1727         653          11          12           6          19
        1728        9852          57         179          16          33
        1729        6194          92         113          12           2
        1730        7031          16         128          39           3
        1731         297          84           5          44           5
        1732        2085           9          38          50           1
        1733        2516          62          46          27          36
        1734        1952          55          35          27          48
        1735        3242          20          59          33          24
        1736        2924          41          53          29          39
        1737         933          20          17           1          33
        1738        7354          15         134          18          16
        1739        1866          69          34          33          27
        1740        9336           3         170          38          38
        1741        6479          98         118          55          37
        1742         968          47          18           6          18
        1743         698          91          13          35          48
        1744        9128          50         166           3          34
        1745         740          53          13          37          41
        1746        6237           8         113          17          43
        1747        7335          59         133          36          37
        1748        2474          22          45          16          38
        1749        4181          11          76          24          45
        1750        5639          79         103          18           5
        1751         792          56          14          21          39
        1752         465          63           8          20           0
        1753        9206          19         167          35          39
        1754        2270          86          41          52          13
        1755        8029          34         146           8          38
        1756        8810          83         160          22          10
        1757        5122          28          93           6           9
        1758        1295          24          24          33          36
        1759        7566          15         138           7           8
        1760        4384          30          80          31          45
        1761        2526          60          46          14          17
        1762        6644           6         121          57          44
        1763        7941           8         144          54          27
        1764        2922           1          53          24          49
        1765        6735          55         122          45          16
        1766        6893          36         125           4          45
        1767        1028          75          19          45          17
        1768         212           2           4          20          35
        1769        9014          47         164           3          20
        1770        3358          30          61          17          48
        1771        5753          24         105          53           2
        1772        5570          67         101          54          48
        1773        1724           0          31           7           8
        1774        5717          57         104          44           5
        1775        7354          53         134          27          29
        1776        9832          37         179          16          16
        1777        8878          78         161          13          32
        1778         319          98           6           7           7
        1779        7191          33         131          39           5
        1780        5599          12         102          15          28
        1781          89          47           2          17          13
        1782        5195          50          94           4          24
        1783        8193          66         149          11          47
        1784        9539          91         173          22          31
        1785        8203          42         149          42          41
        1786        6694          56         122          56          44
        1787        1259          45          23          18           6
        1788        3204          37          58          50           9
        1789         993           2          18          46          13
        1790        3598          81          65          33          38
        1791        4878          44          89          20           3
        1792        6923           2         126          24          43
        1793          15          50           0          44          33
        1794        1811         100          33          52          34
        1795        1020          87          19          53          44
        1796        5671          41         103           6          27
        1797        4402          63          80          12          31
        1798        9684          70         176          51          45
        1799        9453          52         172          10          40
        1800         489          13           9          54          14
        1801        9441          68         172          39          18
        1802        8681          56         158          18          42
        1803        7846          97         143          57          30
        1804         149          26           3          18          11
        1805        7226          65         131          54          27
        1806        4418          64          80          13           2
        1807        2105          86          38           6          47
        1808        4037          18          73          33          20
        1809        7884           8         143           2          41
        1810        1207          95          22          36          13
        1811        6965          53         127          36          30
        1812        7201           5         131          47          19
        1813        1650          90          30          52          41
        1814        5970          42         109          32          27
        1815        7185          37         131          14          33
        1816         367          39           7          45          17
        1817        5660          32         103          58           1
        1818        2725          50          50          21          11
        1819        3864          80          70          46          32
        1820        3574          34          65           3          42
        1821         739          68          13          33          21
        1822        4862          68          88          12          18
        1823        7599          11         138          37          37
        1824        6462          67         117          34          36
        1825        4641          14          84          18          42
        1826        6578          39         120          53          26
        1827        1589          69          29          45          41
        1828        4573           9          83           8          28
        1829        6235          70         113          24           7
        1830        3101          71          56          12          36
        1831        3893           2          71          38          31
        1832        7184          80         131          39          14
        1833        6545          76         119          17          40
        1834         777          91          14          58          21
        1835        2659          26          48          20          39
        1836        6365          75         116          52          49
        1837        9772          48         178          28           3
        1838        3047          92          55          40          14
        1839        4339          37          79          29           8
        1840        4476          91          81           5          18
        1841         525          82          10          47          41
        1842        6620          96         120          35          43
        1843         524           2          10          12          28
        1844        7713          87         140           5          42
        1845        9304          54         169           3          43
        1846        1598          80          29          18          32
        1847        8743          15         159          50          42
        1848        7475          67         136          54          19
        1849        4441          22          81          46          43
        1850        7262          13         132           5           5
        1851        1952          44          35          18          32
        1852        7413          33         135          47          12
        1853        6137          86         112          10          25
        1854        7115          23         129          47          28
        1855        9785          89         178          44          43
        1856        3262          72          59          27          36
        1857        5612          41         102           4          25
        1858        5157          52          94          29          21
        1859        6550          72         119          39          24
        1860         961          81          17          23          18
        1861        3148          41          57          30          14
        1862        4749           3          86           8           6
        1863        5110          94          93          21          46
        1864        3046          22          55           6          30
        1865        5555          60         101          46           1
        1866        9887           9         180          52          12
        1867        8093          62         147          16          32
        1868        8869          38         161          50          45
        1869        9111          88         166          13           1
        1870         920          72          17          18          10
        1871        1171          36          21          19          30
        1872         109           9           2          32          47
        1873        7644          35         139          53          46
        1874        3323          25          60          26          36
        1875         971          78          18          16           6
        1876        9491          82         173           7          36
        1877        2391          11          43          13          40
        1878        1970          88          36          44          43
        1879         270          24           5          24          20
        1880        2376          88          43           5          33
        1881        2476          11          45          35          47
        1882        7458          11         136          10          16
        1883         869          77          16          30           8
        1884        5807          21         106           9          29
        1885        2915          48          53          12           5
        1886        3064          20          56          49          34
        1887        3472          66          63          22          27
        1888        1403          66          26          27          21
        1889        7793          11         142          40           3
        1890        5817          37         106          21          35
        1891        6979          79         127          34          22
        1892        1889          17          34          51          21
        1893        4121          50          75          32          21
        1894        7937          42         144          13          32
        1895        9308          20         169          46          19
        1896        5018          91          91          24          31
        1897        4006          18          73          50          44
        1898        5091          23          93          54          10
        1899        6716          47         122          49           1
        1900        4514          42          82           3          45
        1901        9632          24         175          22          32
        1902        3058          93          56          11          35
        1903        1038          31          19          46           7
        1904        3146          77          57          17          31
        1905        7268          71         132          39          17
        1906        7474          78         136          39           9
        1907        3051          31          55          58          39
        1908        7005          83         127          21          41
        1909        7667          65         139           2          49
        1910        7768          33         141           2          23
        1911        5729          53         104          15          40
        1912        7549          71         137          48          16
        1913        4886          98          89          55           7
        1914        9946          63         181           5          22
        1915        3061          45          56          16          12
        1916        9568          84         174          51          45
        1917        9533           6         173          53          43
        1918         111          24           2          54          23
        1919        4477           7          81          29          19
        1920        3492           1          63          45          48
        1921        3656          43          66          51           4
        1922        9587          52         174          19          24
        1923        7092          19         129          33          30
        1924        1521          95          28          12          43
        1925        2324          46          42          52          29
        1926         398          28           7          15          11
        1927        6761          55         123          12          48
        1928         285          65           5           6          19
        1929        3243           9          59          16          44
        1930        6770          50         123          27          27
        1931        3307          19          60           7          29
        1932        3643           8          66          19          29
        1933        5018          78          91          48          44
        1934        5696           4         104          56          44
        1935        1523          67          28           3          43
        1936        5683          31         103           6           3
        1937        9701           9         176          38          18
        1938        5585          85         102          46          35
        1939        5712          39         104          51          37
        1940         676           4          12          49          29
        1941        6610          59         120          15          33
        1942        8952          38         163          18           8
        1943        6709          53         122          47          25
        1944        1886          78          34          52          28
        1945        5998          62         109          38           6
        1946        2515          69          46          22          27
        1947        1974          78          36          36          11
        1948         892          98          16          38          36
        1949        6148          98         112          15          14
        1950        5502          96         100          15          26
        1951        5828          48         106          28          14
        1952        1816          23          33          28          33
        1953         420          95           8          26          21
        1954        7476          25         136          43          14
        1955         614          61          11          22          40
        1956         507          88           9           5          41
        1957        6967          60         127          30          12
        1958        7042          55         128          51           7
        1959        8688          98         158          21          10
        1960        4839          44          88           9          45
        1961        4199          66          76          24          46
        1962        7124          95         130          53           9
        1963        6685          10         122          57          36
        1964        2134          62          39          19          31
        1965        5158          79          94          29           8
        1966        5075          82          92          25           8
        1967        6749          28         123          22          19
        1968        1321          97          24          56           1
        1969        5094          20          93          49          42
        1970        5743          32         104          22          37
        1971        6804          13         124          36          34
        1972        7603          23         138          13           1
        1973        5853          73         106          50           4
        1974        4326          80          79          30          20
        1975        4657          37          85          33          27
        1976        1826          67          33          37          40
        1977        2650          80          48          18          35
        1978        9133          70         166           5          25
        1979        7762          50         141           3          33
        1980        4097           0          74          39          23
        1981        9577          39         174          15          10
        1982        6347          35         115           8          11
        1983        6061          44         110          28          43
        1984         126          58           2           4          14
        1985        4870          18          89          29          30
        1986        7320          99         133          23          43
        1987        1904          67          35          28          23
        1988        3849          15          70          47           5
        1989        8155          82         148          16           5
        1990        5570          83         101          39          13
        1991        2735          28          50          42          37
        1992        3519          95          64          55          29
        1993        7166          90         130           7          21
        1994        8443          63         154          48           4
        1995        9798          72         178          56          17
        1996        5979          48         109          48           3
        1997        4643          21          84          41          36
        1998         805          40          15          54          21
        1999        2373          23          43          16          40
        2000        4439          91          81          26          20
        2001        5904          44         107           4          22
        2002        9077          50         165          10           9
        2003        5285          91          96           2           8
        2004        1559          49          28          22          38
        2005        1409          67          26          33          40
        2006        6073          73         110          43          30
        2007        2481          14          45          28          19
        2008         476           3           9          37          15
        2009        1877          77          34          35          35
        2010        5941          72         108          53           6